seabuoy1 29.2216447095297, -94.4111908857754 ,29.2635844174341, -94.5093811933926
seabuoy2 29.2635844174341, -94.5093811933926, 29.3075567236804, -94.6174163843896
seabuoy3 29.3075567236804, -94.6174163843896, 29.3535111362416, -94.7260382881243
seabuoy4 29.3535111362416, -94.7260382881243, 29.3499607522982, -94.7433738113173 ,29.3457711017152, -94.7605399490126
segment5 29.3457711017152, -94.7605399490126, 29.3508585121544, -94.7780494094618 ,29.3592372226718, -94.7897223830946
segment6 29.3592372226718, -94.7897223830946, 29.3840700646062, -94.8034552932508
segment7 29.3840700646062, -94.8034552932508, 29.4116347472792, -94.8154288292233
segment9 29.4116347472792, -94.8154288292233, 29.4365295488707, -94.8303633690182
segment10 29.4365295488707, -94.8303633690182, 29.4606749507844, -94.8463621013711
segment11 29.4606749507844, -94.8463621013711, 29.4850085080993, -94.8632343148276
segment12 29.4850085080993, -94.8632343148276, 29.5084769124126, -94.8799929493973
segment13 29.5084769124126, -94.8799929493973, 29.5329745548127, -94.8972449177811
segment14 29.5329745548127, -94.8972449177811, 29.5567391966978, -94.9137362192883
segment15 29.5567391966978, -94.9137362192883, 29.5816128697442, -94.9308986558856
segment16 29.5816128697442, -94.9308986558856, 29.6012270815294, -94.9434279962153 ,29.6068335636595, -94.946934858261
segment17 29.6068335636595, -94.946934858261, 29.6298898326443, -94.9601527842864
pasadena18 29.61236964697602, -95.02648337321841, 29.61535441054306, -94.95193942027656
segment19 29.6298898326443, -94.9601527842864, 29.6561221616008, -94.9713409856856
segment20 29.6561221616008, -94.9713409856856, 29.682365032448, -94.9809892353852
segment21 29.682365032448, -94.9809892353852, 29.6870475510001, -94.9845551304604 ,29.6927398230852, -94.9910090742191
morgan22 29.68444689277177, -94.98262449809144, 29.68115125925007, -95.00784861305073
segment23 29.6927398230852, -94.9910090742191, 29.6984553258722, -94.9997471623208 ,29.6997489343274, -95.0047244214532
segment24 29.6997489343274, -95.0047244214532, 29.7010691350288, -95.0137668035682 ,29.703885474343, -95.0190836840912
segment25 29.703885474343, -95.0190836840912, 29.7081515578098, -95.0213199041542 ,29.7145625834736, -95.0217490575965 ,29.7182897357814, -95.0214057348426
segment26 29.7182897357814, -95.0214057348426, 29.7217185936773, -95.0214057348426 ,29.7259672333411, -95.0226931951698 ,29.7284411491432, -95.0249894278294 ,29.730273752694, -95.0291484960831
segment27 29.730273752694, -95.0291484960831, 29.7315729811106, -95.0346920466597 ,29.7309618739316, -95.042073804906 ,29.731978824389, -95.047557292812
segment28 29.731978824389, -95.047557292812, 29.7343646340058, -95.052921836823 ,29.7372712510386, -95.0575566940007 ,29.7405495800597, -95.0600027426411
segment29 29.7405495800597, -95.0600027426411, 29.7449472961564, -95.0633073501287 ,29.7534705914686, -95.0668467786665
segment30 29.7534705914686, -95.0668467786665, 29.7590097195281, -95.0697692073439 ,29.7625862030808, -95.0733740962599 ,29.7637985326081, -95.0798050083256
segment31 29.7637985326081, -95.0798050083256, 29.7631306340521, -95.0847320851807 ,29.7608953589365, -95.0893669423584 ,29.7582874749451, -95.0922851857666 ,29.7551579245704, -95.0933151540284
achorage32 29.76380400568885, -95.08095470847988, 29.77166292411964, -95.07624642857199, 29.78060276432217, -95.07315652378682, 29.78358253369531, -95.07710473545674, 29.78328456074895, -95.08002297886495, 29.78253962450287, -95.09444253452902, 29.77941083174105, -95.09976403721456, 29.77568595097337, -95.10148065098409, 29.76778874552997, -95.10096566685323, 29.76465949189864, -95.09701745518331, 29.76559217785891, -95.09159771385099, 29.76149423606692, -95.08764950218107
segment33 29.7551579245704, -95.0933151540284 ,29.7518047264405, -95.0958042439942 ,29.7495153978758, -95.0982013457784 , 29.7470562584624, -95.1011195891866, 29.7435862538046, -95.1039803339481
segment35 29.7435862538046, -95.1039803339481, 29.7417651782612, -95.1070419066914 ,29.7399765809701, -95.1121059173116 ,29.739529426663, -95.1153674834737 ,29.7373645786253, -95.118855607369
segment36 29.7373645786253, -95.118855607369, 29.7348341860713, -95.1230922454366 ,29.7340143596201, -95.1271262877951 ,29.7345697587132, -95.1348201154257
segment37 29.7345697587132, -95.1348201154257, 29.7366841883935, -95.1509203790315
segment38 29.7366841883935, -95.1509203790315, 29.7373001419485, -95.1538403341792 ,29.7387906816836, -95.1564152548335 ,29.7433366910566, -95.1613478609484 ,29.7451262571084, -95.1644898868768
segment39 29.7451262571084, -95.1644898868768, 29.7469692307618, -95.1698213759351 ,29.7468947103794, -95.1748853865553 ,29.745855591727, -95.1807748852781
segment40 29.745855591727, -95.1807748852781, 29.7454788125883, -95.185099238484 ,29.7445845510498, -95.1902490797926 ,29.7420445186491, -95.1965674939203
segment41 29.7420445186491, -95.1965674939203, 29.7407846936854, -95.200245279974 ,29.7383998668924, -95.2036785075131 ,29.735791397655, -95.205824274725 ,29.7319087404644, -95.2079400601435
segment42 29.7319087404644, -95.2079400601435, 29.7278566664158, -95.2101836825484 ,29.7256206048034, -95.2135310793989 ,29.7245770923317, -95.2173934603804 ,29.7250932558167, -95.2205395016696
segment43 29.7250932558167, -95.2205395016696, 29.7259932851992, -95.2252040530318 ,29.7248007030606, -95.2312122012251 ,29.7218712720821, -95.2364602120105
segment44 29.7218712720821, -95.2364602120105, 29.7192437783668, -95.2403132829781 ,29.7190201552564, -95.2447764787789 ,29.7211818244536, -95.2493255052682 ,29.7248013129098, -95.2519880228897
segment45 29.7248013129098, -95.2519880228897, 29.7266975969409, -95.255591145527 ,29.7272938785098, -95.2597968492623 ,29.7251739963484, -95.266450493898
segment46 29.7251739963484, -95.266450493898, 29.7248931350422, -95.2711276113901 ,29.7270546777409, -95.2749041616831 ,29.7331214747976, -95.276841829206
segment47 29.7331214747976, -95.276841829206, 29.7390513799562, -95.2796773105162 ,29.7456791023798, -95.2852103213325
segment48 29.7456791023798, -95.2852103213325, 29.7490771903695, -95.2870587497252 ,29.7498968936857, -95.2892045169371 ,29.7478848826724, -95.2920369296568 ,29.747363243596, -95.2928952365416 ,29.7472142033614, -95.2948693423765 ,29.7476613234006, -95.2965001254576 ,29.7487791147746, -95.2965001254576 ,29.7501204479722, -95.295126834442 ,29.7510146601333, -95.2947835116881 ,29.7529074092231, -95.2963253954902



-------

seabuoy1 29.13673959431014, -95.04535998535127, 29.18710687460465, -94.96021594238252, 29.15533039554755, -94.91833056640596, 29.12594339210611, -94.85996569824191, 29.11034687656185, -94.79816760253878, 29.11227154786992, -94.70947901248695, 29.13566499653341, -94.63394800662759, 29.18603280381438, -94.55979029178383, 29.24536312533509, -94.51241175174476, 29.31064664248574, -94.48975244998697, 29.38088449008013, -94.48757240346167, 29.44907095167886, -94.50885841420386, 29.49031946646841, -94.53838417103979, 29.52796649289056, -94.44362709096167, 29.48673330531193, -94.41547462514136, 29.41558156500844, -94.38800880482886, 29.34856967845256, -94.38182899525854, 29.27193067043615, -94.39144203236792, 29.20002937290826, -94.41959449818823, 29.13467528899827, -94.47246620228978, 29.08025741030086, -94.53975746205533, 29.0382427730827, -94.63520118764129, 29.01903038162813, -94.74231788686005, 29.02683584684314, -94.8391349034616, 29.04604678573735, -94.91191932728972, 29.08745820025786, -94.99088356068816, 29.13673959431014, -95.04535998535127
seabuoy2 29.18701744519826, -94.95998451283663, 29.24454983032753, -94.86248085072727, 29.21698626057264, -94.80754921010227, 29.21219183891917, -94.73957130482883, 29.23256658132014, -94.67639991811009, 29.27030906398964, -94.63520118764131, 29.31582113887909, -94.61185524037569, 29.36011603015538, -94.60842201283664, 29.40798073760351, -94.6235282140085, 29.44326652705848, -94.64962074330539, 29.49039687736342, -94.53872605096657, 29.4485504666256, -94.5071403576072, 29.38096198445326, -94.48860092889626, 29.3103349164801, -94.4906608654197, 29.24385294422923, -94.51538010370095, 29.18572069791806, -94.55932541620095, 29.13895126817077, -94.62867661249, 29.11075940669681, -94.70832749139625, 29.10955958159835, -94.79553147088845, 29.12635585969622, -94.86213608514625, 29.15514309685729, -94.91775437127907, 29.18701744519826, -94.95998451283663
seabuoy3 29.24450399956969, -94.85957092449705, 29.29362066925239, -94.77580017254394, 29.30020769524663, -94.77168029949705, 29.33253784013777, -94.72224182293456, 29.37323529613876, -94.72842163250486, 29.41391648783916, -94.69889587566891, 29.44142688790082, -94.64945739910641, 29.40853314682857, -94.62405151531736, 29.36246402237794, -94.60894531414547, 29.31577534007656, -94.61169189617672, 29.2720601592892, -94.63366455242672, 29.23371913376283, -94.67348999187985, 29.21154667492743, -94.73803466961422, 29.21753970467518, -94.80669922039549, 29.24450399956969, -94.85957092449705 
seabuoy4 29.37342867996387, -94.72821812148156, 29.33258164852271, -94.72238163466517, 29.33482641605403, -94.75654224867884, 29.37148395463964, -94.759632153464, 29.37342867996387, -94.72821812148156 
segment5 29.37103516659661, -94.75928883071009, 29.33452711657199, -94.75722889418665, 29.33288095371569, -94.77868656630578, 29.34455317088629, -94.79791264052453, 29.37028718212838, -94.77954487319056, 29.37103516659661, -94.75928883071009 
segment6 29.34479136796385, -94.7985992860324, 29.36828133790644, -94.82675175185271, 29.3893728076027, -94.79447941298552, 29.37052531903528, -94.77971653456754, 29.34479136796385, -94.7985992860324 
segment7 29.39321358438804, -94.84360339309798, 29.41429988558269, -94.81047274734601, 29.39007269729859, -94.7945082392894, 29.36823337310898, -94.82729556228743, 29.39321358438804, -94.84360339309798 
segment9 29.41489801472592, -94.81047274734601, 29.39396140035231, -94.84360339309798, 29.41863624210873, -94.86008288528549, 29.43837180231077, -94.82660891677962, 29.41489801472592, -94.81047274734601 
segment10 29.41893657684666, -94.85995829288959, 29.4424094311605, -94.87575113956929, 29.46288767930315, -94.84313547794819, 29.43867207869492, -94.82665598576069, 29.41893657684666, -94.85995829288959 
segment11 29.46301058183128, -94.8424638925967, 29.4423828672202, -94.87593786110257, 29.46629867047649, -94.89241735329007, 29.48736979799932, -94.85911504616115, 29.46301058183128, -94.8424638925967 
segment12 29.48716172298984, -94.85871445252714, 29.46698728699641, -94.8925317437869, 29.49044902833133, -94.9086679132205, 29.51151513430553, -94.8750222833377, 29.48716172298984, -94.85871445252714 
segment13 29.53580576743764, -94.89142749818745, 29.51115942073102, -94.87563465150777, 29.49069092327103, -94.90842197450581, 29.51564102123076, -94.92455814393941, 29.53580576743764, -94.89142749818745 
segment14 29.53603080198567, -94.89213152164538, 29.5155673341105, -94.92543382877429, 29.53991391245438, -94.94174165958484, 29.55977518314798, -94.90809602970202, 29.53603080198567, -94.89213152164538 
segment15 29.5606239055665, -94.90706885245083, 29.54031476184734, -94.94225943472622, 29.56495400382656, -94.95770895865201, 29.58510891411926, -94.92406332876919, 29.5606239055665, -94.90706885245083 
segment16 29.58997131814911, -94.97357510474225, 29.60982274493372, -94.94147442725202, 29.58504517122567, -94.92499493506452, 29.5653381790943, -94.95795391943952, 29.58997131814911, -94.97357510474225 
segment17 29.61620477386579, -94.99183345257508, 29.6317114259987, -94.95459845416745, 29.60992415584894, -94.94189551227291, 29.58992347553017, -94.97468283527095, 29.61620477386579, -94.99183345257508 
pasadena18 29.62281306738001, -95.02914332557091, 29.62347234217845, -94.99646238550706, 29.60686981054245, -94.98577646479173, 29.6055761147523, -95.02897166419396, 29.62281306738001, -95.02914332557091 
segment19 29.63226165357895, -94.95431624398202, 29.61654006761724, -94.99179053723084, 29.64100463036094, -95.00680498346854, 29.65747514372268, -94.96633254036871, 29.63226165357895, -94.95431624398202 
segment20 29.65920546391521, -94.96548789431985, 29.6577137428541, -94.96720450808938, 29.64204933665349, -95.00531333377297, 29.66860279802364, -95.01612800052102, 29.68381566797063, -94.97613089969094, 29.65920546391521, -94.96548789431985 
segment21 29.68405787235129, -94.9763269065148, 29.67671669759714, -94.99395274329547, 29.68723087249673, -94.99695681739215, 29.69717524589676, -94.98555858322717, 29.68405787235129, -94.9763269065148 
morgan22 29.68722356877684, -94.99700264038643, 29.67671546880503, -94.99401972038854, 29.67382972176742, -95.01368196366337, 29.687736933377, -95.01548440812138, 29.68881811050565, -95.00046403763798, 29.68722356877684, -94.99700264038643 
segment23 29.69586360423516, -94.98712134988166, 29.68728645094698, -94.99729560416561, 29.69269224450379, -95.00145839255673, 29.69336328824087, -95.00995563071591, 29.69865692058549, -95.00566409629208, 29.70456172473753, -95.00027366859985, 29.70471082833667, -95.00018783791135, 29.69586360423516, -94.98712134988166 
segment24 29.70500722753771, -95.00042502910877, 29.70477425375431, -95.00026409656785, 29.69313960749315, -95.01029895346983, 29.6958237436007, -95.01840995353085, 29.697053948685, -95.0202553133331, 29.69966342475267, -95.02381728690486, 29.70945563449001, -95.01219956809676, 29.70500722753771, -95.00042502910877 
segment25 29.71102113494429, -95.01348702842391, 29.70915744115993, -95.01228539878525, 29.70056589268384, -95.02297734727379, 29.69918661902784, -95.02473687638754, 29.70380897503678, -95.02920007218832, 29.71705926518855, -95.02979485923447, 29.71884827107095, -95.01331536704697, 29.71102113494429, -95.01348702842391 
segment26 29.72482324871889, -95.03588214509362, 29.73510880126186, -95.02317920319908, 29.73405353356482, -95.01923768455184, 29.72973070316269, -95.01477448875107, 29.72317157031165, -95.0128003829161, 29.71847556414156, -95.01297204429306, 29.71751837551055, -95.02832904450766, 29.72482324871889, -95.03588214509362 
segment27 29.73520899957676, -95.02377703956155, 29.73512137895381, -95.02335547328282, 29.72363008257636, -95.03711341061032, 29.72422638237335, -95.04389403499998, 29.72601526050443, -95.05033133663569, 29.73893538507181, -95.04386142066507, 29.73520899957676, -95.02377703956155 
segment28 29.73928943409159, -95.04429198335612, 29.7389682578586, -95.04401167297837, 29.7260684546585, -95.05062412203172, 29.73001877879561, -95.05886386812547, 29.73571211930248, -95.06506300996746, 29.7456984706465, -95.05407668184245, 29.74134714757518, -95.04993747652391, 29.73928943409159, -95.04429198335612 
segment29 29.74566198371949, -95.05381796206142, 29.74576834350081, -95.05407332220602, 29.73586195043791, -95.06530641531633, 29.7504312351722, -95.07338735903406, 29.75654150700898, -95.0586244806161, 29.74566198371949, -95.05381796206142 
segment30 29.75666648353571, -95.0588261965804, 29.75063073697866, -95.07337449827716, 29.75308978870943, -95.07504819670244, 29.75778417449271, -95.08414624968096, 29.76896039842042, -95.07513402739093, 29.76709778100964, -95.071357477098, 29.76486259440172, -95.06620763578938, 29.75666648353571, -95.0588261965804 
segment31 29.76872353044409, -95.07546522397611, 29.75751420848485, -95.08447348333374, 29.74906890092316, -95.0879160367851, 29.75203044320527, -95.09021856662824, 29.76009707575447, -95.09662785166546, 29.76401398859443, -95.09039967545181, 29.76695472107957, -95.08556992164074, 29.7674762581904, -95.0829306279701, 29.76801641876422, -95.08009821525037, 29.76872353044409, -95.07546522397611 
achorage32 29.76023631208238, -95.09667183738748, 29.76684588836103, -95.10515183293225, 29.77459416862648, -95.10403603398206, 29.78487461508553, -95.10678261601331, 29.78658792020157, -95.10231942021252, 29.78934404515996, -95.0928780444801, 29.79180214663322, -95.07991761052014, 29.79515400588934, -95.07184952580334, 29.79537745918117, -95.06833046757582, 29.79120624878969, -95.05863159977795, 29.78993995409131, -95.05751580082777, 29.78621546506216, -95.0592324145973, 29.76975156370034, -95.06918877446057, 29.77115207170107, -95.07376199260092, 29.76880521943971, -95.07534986033774, 29.76806017547723, -95.08028512492514, 29.76705435733795, -95.08552079692221, 29.76645774498178, -95.08652235847514, 29.76429705159354, -95.09010578971903, 29.76023631208238, -95.09667183738748 
segment33 29.76049647354435, -95.09763874229722, 29.76074608770642, -95.09736904728811, 29.74846988498459, -95.08767824346718, 29.73856129678707, -95.0990006107322, 29.74631176403271, -95.10741201820291, 29.74571559551258, -95.11153189124978, 29.74757861036788, -95.11445013465799, 29.76049647354435, -95.09763874229722 
segment35 29.74795120918473, -95.11436430396951, 29.74526846679618, -95.11178938331521, 29.74616272223501, -95.10732618751443, 29.73818866307774, -95.09874311866679, 29.72987281964298, -95.11613499283477, 29.74403310130187, -95.1214135801761, 29.74795120918473, -95.11436430396951 
segment36 29.74402219797516, -95.12136245674084, 29.72971284853216, -95.11595512336682, 29.72603429368689, -95.12519013046905, 29.7274504659887, -95.13506065964387, 29.74176013816084, -95.1342023527591, 29.74101489312889, -95.12845169663117, 29.74402219797516, -95.12136245674084 
segment37 29.74169905672838, -95.13432323118337, 29.72758516271614, -95.13519257308515, 29.72985831415049, -95.15199362417357, 29.74372050722276, -95.14959036489621, 29.74169905672838, -95.13432323118337 
segment38 29.74715204615492, -95.15463197441383, 29.74371338870267, -95.14963799608937, 29.73000459593946, -95.15204420252962, 29.73417835493025, -95.16225805445832, 29.73823119096775, -95.16859920743906, 29.75089995494746, -95.16087444547617, 29.75050539992255, -95.16018951149267, 29.74715204615492, -95.15463197441383 
segment39 29.75094143648911, -95.16093441804348, 29.73825038248155, -95.16862162908012, 29.74018340362151, -95.17297217210225, 29.73913904957412, -95.18054673036035, 29.75285092803949, -95.18089005311425, 29.75399871495665, -95.17580812556466, 29.75437128991103, -95.17121618373116, 29.75336533435576, -95.1657659350129, 29.75094143648911, -95.16093441804348 
segment40 29.75275078739843, -95.18109616161014, 29.75278325370468, -95.18095165891553, 29.73915068454745, -95.18062409282345, 29.73542430705152, -95.19416388393068, 29.74883861805981, -95.1987987411084, 29.75275078739843, -95.18109616161014 
segment41 29.74867248895468, -95.19888084780945, 29.73541652984468, -95.19422453295962, 29.73453149477615, -95.1965634192206, 29.72663104633702, -95.20154159915225, 29.73676735778861, -95.21390121829286, 29.74258036836454, -95.20892303836121, 29.74867248895468, -95.19888084780945 
segment42 29.73668595048144, -95.21389326205313, 29.72661950783687, -95.20158728709285, 29.72445329719631, -95.20315369715755, 29.71893740135448, -95.21002015223567, 29.71780720492697, -95.22047456826473, 29.7318201264558, -95.22047456826473, 29.73249090872275, -95.21536764230035, 29.73668595048144, -95.21389326205313 
segment43 29.71616726707747, -95.23472246255184, 29.7288388176722, -95.23832735146785, 29.7313880527753, -95.23256413723132, 29.73219977880929, -95.22491117615246, 29.73179917211007, -95.22050698895002, 29.71780142151586, -95.22050562365, 29.71616726707747, -95.23472246255184 
segment44 29.72968899387922, -95.25041509082753, 29.72708199389979, -95.24314339968593, 29.72888945457193, -95.23844416949184, 29.716132353277, -95.2347796659399, 29.71321580569301, -95.24625230243639, 29.71418489160608, -95.25504994800528, 29.72968899387922, -95.25041509082753 
segment45 29.72969068960833, -95.25044383732711, 29.71419107428574, -95.25507431144533, 29.71741973993772, -95.26694882673988, 29.73298083590799, -95.26626642661837, 29.73244048651645, -95.25839146095065, 29.72969068960833, -95.25044383732711 
segment46 29.72974202601304, -95.28195541902633, 29.73615167266416, -95.27217072054, 29.73294690053123, -95.26633458185751, 29.7174400762603, -95.26697134013799, 29.72086430444773, -95.27629469867389, 29.72974202601304, -95.28195541902633 
segment47 29.74294792850704, -95.29016739204849, 29.74801538781442, -95.28038269356216, 29.73615668324811, -95.27220204317514, 29.72974221391418, -95.28197895548421, 29.74294792850704, -95.29016739204849, 29.74295218723103, -95.2901984879329, 29.74738852080891, -95.29984929324613, 29.75144978089692, -95.2983472561978, 29.75521281998589, -95.29538609744536, 29.75864041580289, -95.29474236728177, 29.74802939898669, -95.28039169030771, 29.74295218723103, -95.2901984879329
